# Created by Octave 3.8.0, Wed Aug 17 10:09:00 2016 CEST <maximepassenier@Maximes-MacBook-Pro.local>
# name: A
# type: matrix
# rows: 3
# columns: 2
 1 2
 3 4
 5 6


